image: gmapping-001.pgm
resolution: 0.050000
origin: [-99.600000, -117.200000, 0.000000]
negate: 0
occupied_thresh: 0.65
free_thresh: 0.196

